Latitude,Longitude
31.134548,121.39095
31.134548,121.39095
31.134548,121.39095
31.134548,121.39095
31.134548,121.39095
31.134548,121.39095
31.134548,121.39095
31.134548,121.39095
31.134548,121.39095
31.134548,121.39095
31.134548,121.39095
31.134548,121.39095
31.134548,121.39095
31.134548,121.39095
31.134548,121.39095
31.134548,121.39095
31.134548,121.39095
31.134548,121.39095
31.177067,121.370844
31.177067,121.370844
31.177067,121.370844
31.177067,121.370844
31.134548,121.39095
31.134548,121.39095
31.134548,121.39095
31.134548,121.39095
31.134548,121.39095
31.134548,121.39095
31.134548,121.39095
31.134548,121.39095
31.134548,121.39095
31.134548,121.39095
31.134548,121.39095
31.134548,121.39095
31.134548,121.39095
31.134548,121.39095
31.134548,121.39095
31.134548,121.39095
31.134548,121.39095
31.134548,121.39095
31.134548,121.39095
31.177067,121.370844
31.177067,121.370844
31.177067,121.370844
31.177067,121.370844
31.177067,121.370844
31.177067,121.370844
31.251584,121.4917
31.251584,121.4917
31.134548,121.39095
31.134548,121.39095
31.134548,121.39095
31.134548,121.39095
31.134548,121.39095
31.134548,121.39095
31.134548,121.39095
31.134548,121.39095
31.134548,121.39095
31.134548,121.39095
31.134548,121.39095
31.134548,121.39095
31.134548,121.39095
31.134548,121.39095
31.134548,121.39095
31.134548,121.39095
31.186628,121.372116
31.186628,121.372116
31.180994,121.377204
31.182122,121.377455
31.177067,121.370844
31.177067,121.370844
31.177067,121.370844
31.134548,121.39095
31.134548,121.39095
31.134548,121.39095
31.134548,121.39095
31.134548,121.39095
31.134548,121.39095
31.134548,121.39095
31.134548,121.39095
31.134548,121.39095
31.134548,121.39095
31.134548,121.39095
31.134548,121.39095
31.134548,121.39095
31.134548,121.39095
31.134548,121.39095
31.134548,121.39095
31.134548,121.39095
31.134548,121.39095
31.134548,121.39095
31.134548,121.39095
31.186628,121.372116
31.177067,121.370844
31.177067,121.370844
31.177067,121.370844
31.177067,121.370844
31.177067,121.370844
31.177067,121.370844
31.134548,121.39095
31.134548,121.39095
31.134548,121.39095
31.134548,121.39095
31.134548,121.39095
31.134548,121.39095
31.134548,121.39095
31.134548,121.39095
31.134548,121.39095
31.134548,121.39095
31.134548,121.39095
31.134548,121.39095
31.134548,121.39095
31.134548,121.39095
31.134548,121.39095
31.134548,121.39095
31.134548,121.39095
31.134548,121.39095
31.134548,121.39095
31.134548,121.39095
31.177067,121.370844
31.177067,121.370844
31.177067,121.370844
31.134548,121.39095
31.134548,121.39095
31.134548,121.39095
31.134548,121.39095
31.134548,121.39095
31.134548,121.39095
31.134548,121.39095
31.134548,121.39095
31.134548,121.39095
31.134548,121.39095
31.134548,121.39095
31.134548,121.39095
31.134548,121.39095
31.134548,121.39095
31.134548,121.39095
31.134548,121.39095
31.134548,121.39095
31.134548,121.39095
31.134548,121.39095
31.134548,121.39095
31.134548,121.39095
31.134548,121.39095
31.134548,121.39095
31.177067,121.370844
31.177067,121.370844
31.177067,121.370844
31.177067,121.370844
31.251358,121.485526
31.251358,121.485526
31.251358,121.485526
31.134548,121.39095
31.134548,121.39095
31.134548,121.39095
31.134548,121.39095
31.134548,121.39095
31.134548,121.39095
31.134548,121.39095
31.134548,121.39095
31.134548,121.39095
31.177067,121.370844
31.177067,121.370844
31.177067,121.370844
31.134548,121.39095
31.134548,121.39095
31.134548,121.39095
31.134548,121.39095
31.134548,121.39095
31.134548,121.39095
31.134548,121.39095
31.134548,121.39095
31.134548,121.39095
31.134548,121.39095
31.134548,121.39095
31.134548,121.39095
31.134548,121.39095
31.134548,121.39095
31.186628,121.372116
31.177067,121.370844
31.177067,121.370844
31.177067,121.370844
31.177067,121.370844
31.177067,121.370844
31.177067,121.370844
31.177067,121.370844
31.134548,121.39095
31.134548,121.39095
31.134548,121.39095
31.134548,121.39095
31.134548,121.39095
31.134548,121.39095
31.134548,121.39095
31.134548,121.39095
31.134548,121.39095
31.134548,121.39095
31.134548,121.39095
31.134548,121.39095
31.134548,121.39095
31.134548,121.39095
31.134548,121.39095
31.134548,121.39095
31.134548,121.39095
31.134548,121.39095
31.186628,121.372116
31.188821,121.387044
31.177067,121.370844
31.177067,121.370844
31.182189,121.394088
31.182189,121.394088
31.182415,121.381272
31.182415,121.381272
31.182415,121.381272
31.134548,121.39095
31.134548,121.39095
31.134548,121.39095
31.134548,121.39095
31.134548,121.39095
31.134548,121.39095
31.134548,121.39095
31.134548,121.39095
31.134548,121.39095
31.134548,121.39095
31.134548,121.39095
31.134548,121.39095
31.134548,121.39095
31.134548,121.39095
31.134548,121.39095
31.186628,121.372116
31.182122,121.377455
31.182122,121.377455
31.177067,121.370844
31.177067,121.370844
31.134548,121.39095
31.134548,121.39095
31.134548,121.39095
31.134548,121.39095
31.134548,121.39095
31.134548,121.39095
31.134548,121.39095
31.134548,121.39095
31.134548,121.39095
31.134548,121.39095
31.134548,121.39095
31.134548,121.39095
31.134548,121.39095
31.134548,121.39095
31.134548,121.39095
31.134548,121.39095
31.134548,121.39095
31.134548,121.39095
31.134548,121.39095
31.134548,121.39095
31.134548,121.39095
31.134548,121.39095
31.134548,121.39095
31.134548,121.39095
31.134548,121.39095
31.134548,121.39095
31.134548,121.39095
31.134548,121.39095
31.134548,121.39095
31.134548,121.39095
31.177067,121.370844
31.177067,121.370844
31.177067,121.370844
31.177067,121.370844
31.168853,121.394657
31.182189,121.394088
31.182189,121.394088
31.134548,121.39095
31.134548,121.39095
31.134548,121.39095
31.134548,121.39095
31.134548,121.39095
31.134548,121.39095
31.134548,121.39095
31.134548,121.39095
31.134548,121.39095
31.134548,121.39095
31.134548,121.39095
31.134548,121.39095
31.134548,121.39095
31.134548,121.39095
31.134548,121.39095
31.134548,121.39095
31.177067,121.370844
31.177067,121.370844
31.177067,121.370844
31.177067,121.370844
31.177067,121.370844
31.177067,121.370844
31.177067,121.370844
31.177067,121.370844
31.177067,121.370844
31.177067,121.370844
31.177067,121.370844
31.177067,121.370844
31.251358,121.485526
31.251358,121.485526
31.251584,121.4917
31.251584,121.4917
31.134548,121.39095
31.134548,121.39095
31.134548,121.39095
31.134548,121.39095
31.134548,121.39095
31.134548,121.39095
31.134548,121.39095
31.134548,121.39095
31.134548,121.39095
31.134548,121.39095
31.134548,121.39095
31.134548,121.39095
31.134548,121.39095
31.134548,121.39095
31.134548,121.39095
31.177067,121.370844
31.177067,121.370844
31.177067,121.370844
31.251358,121.485526
31.251358,121.485526
31.134548,121.39095
31.134548,121.39095
31.134548,121.39095
31.134548,121.39095
31.134548,121.39095
31.134548,121.39095
31.134548,121.39095
31.177067,121.370844
31.134548,121.39095
31.177067,121.370844
31.134548,121.39095
31.134548,121.39095
31.134548,121.39095
31.134548,121.39095
31.134548,121.39095
31.134548,121.39095
31.134548,121.39095
31.134548,121.39095
31.134548,121.39095
31.134548,121.39095
31.134548,121.39095
31.134548,121.39095
31.134548,121.39095
31.134548,121.39095
31.134548,121.39095
31.134548,121.39095
31.177067,121.370844
31.177067,121.370844
31.177067,121.370844
31.177067,121.370844
31.134548,121.39095
31.134548,121.39095
31.134548,121.39095
31.134548,121.39095
31.134548,121.39095
31.134548,121.39095
31.134548,121.39095
31.134548,121.39095
31.134548,121.39095
31.134548,121.39095
31.134548,121.39095
31.134548,121.39095
31.134548,121.39095
31.134548,121.39095
31.134548,121.39095
31.134548,121.39095
31.134548,121.39095
31.134548,121.39095
31.134548,121.39095
31.134548,121.39095
31.134548,121.39095
31.134548,121.39095
31.134548,121.39095
31.134548,121.39095
31.134548,121.39095
31.134548,121.39095
31.134548,121.39095
31.134548,121.39095
31.202118,121.395128
31.202118,121.395128
31.177067,121.370844
31.134548,121.39095
31.134548,121.39095
31.134548,121.39095
31.134548,121.39095
31.134548,121.39095
31.134548,121.39095
31.134548,121.39095
31.134548,121.39095
31.134548,121.39095
31.134548,121.39095
31.134548,121.39095
31.134548,121.39095
31.134548,121.39095
31.134548,121.39095
31.134548,121.39095
31.134548,121.39095
31.134548,121.39095
31.134548,121.39095
31.134548,121.39095
31.134548,121.39095
31.134548,121.39095
31.134548,121.39095
31.177067,121.370844
31.177067,121.370844
31.177067,121.370844
31.177067,121.370844
31.177067,121.370844
31.182415,121.381272
31.182415,121.381272
31.134548,121.39095
31.134548,121.39095
31.134548,121.39095
31.134548,121.39095
31.134548,121.39095
31.134548,121.39095
31.134548,121.39095
31.134548,121.39095
31.134548,121.39095
31.134548,121.39095
31.134548,121.39095
31.134548,121.39095
31.134548,121.39095
31.134548,121.39095
31.186628,121.372116
31.177067,121.370844
31.177067,121.370844
31.177067,121.370844
31.177067,121.370844
31.134548,121.39095
31.134548,121.39095
31.134548,121.39095
31.134548,121.39095
31.134548,121.39095
31.134548,121.39095
31.134548,121.39095
31.134548,121.39095
31.134548,121.39095
31.134548,121.39095
31.134548,121.39095
31.134548,121.39095
31.186628,121.372116
31.177067,121.370844
31.177067,121.370844
31.182189,121.394088
31.182415,121.381272
31.182415,121.381272
31.134548,121.39095
31.134548,121.39095
31.134548,121.39095
31.134548,121.39095
31.134548,121.39095
31.134548,121.39095
31.134548,121.39095
31.134548,121.39095
31.134548,121.39095
31.134548,121.39095
31.134548,121.39095
31.134548,121.39095
31.134548,121.39095
31.134548,121.39095
31.134548,121.39095
31.134548,121.39095
31.177067,121.370844
31.182415,121.381272
31.182415,121.381272
31.182415,121.381272
31.182415,121.381272
31.182415,121.381272
31.182415,121.381272
31.134548,121.39095
31.134548,121.39095
31.134548,121.39095
31.134548,121.39095
31.134548,121.39095
31.134548,121.39095
31.134548,121.39095
31.134548,121.39095
31.134548,121.39095
31.134548,121.39095
31.186628,121.372116
31.177067,121.370844
31.177067,121.370844
31.134548,121.39095
31.134548,121.39095
31.134548,121.39095
31.134548,121.39095
31.134548,121.39095
31.134548,121.39095
31.134548,121.39095
31.134548,121.39095
31.134548,121.39095
31.134548,121.39095
31.134548,121.39095
31.173856,121.350522
31.173856,121.350522
31.177067,121.370844
31.134548,121.39095
31.134548,121.39095
31.134548,121.39095
31.134548,121.39095
31.134548,121.39095
31.134548,121.39095
31.134548,121.39095
31.134548,121.39095
31.134548,121.39095
31.134548,121.39095
31.134548,121.39095
31.134548,121.39095
31.134548,121.39095
31.134548,121.39095
31.134548,121.39095
31.134548,121.39095
31.134548,121.39095
31.134548,121.39095
31.134548,121.39095
31.134548,121.39095
31.134548,121.39095
31.177067,121.370844
31.177067,121.370844
31.177067,121.370844
31.177067,121.370844
31.177067,121.370844
31.177067,121.370844
31.251358,121.485526
31.251358,121.485526
31.251584,121.4917
31.173163,121.356571
31.182415,121.381272
31.134548,121.39095
31.134548,121.39095
31.134548,121.39095
31.134548,121.39095
31.134548,121.39095
31.134548,121.39095
31.134548,121.39095
31.177067,121.370844
31.177067,121.370844
31.177067,121.370844
31.177067,121.370844
31.177067,121.370844
31.251358,121.485526
31.251358,121.485526
31.251358,121.485526
31.251358,121.485526
31.134548,121.39095
31.134548,121.39095
31.134548,121.39095
31.134548,121.39095
31.134548,121.39095
31.134548,121.39095
31.134548,121.39095
31.134548,121.39095
31.134548,121.39095
31.134548,121.39095
31.182122,121.377455
31.177067,121.370844
31.134548,121.39095
31.134548,121.39095
31.134548,121.39095
31.134548,121.39095
31.134548,121.39095
31.134548,121.39095
31.134548,121.39095
31.134548,121.39095
31.134548,121.39095
31.134548,121.39095
31.134548,121.39095
31.186628,121.372116
31.186628,121.372116
31.186628,121.372116
31.186628,121.372116
31.253601,121.4782
31.253601,121.4782
31.251358,121.485526
31.251358,121.485526
31.134548,121.39095
31.134548,121.39095
31.134548,121.39095
31.134548,121.39095
31.134548,121.39095
31.134548,121.39095
31.134548,121.39095
31.177067,121.370844
31.177067,121.370844
31.177067,121.370844
31.134548,121.39095
31.134548,121.39095
31.134548,121.39095
31.134548,121.39095
31.134548,121.39095
31.134548,121.39095
31.134548,121.39095
31.134548,121.39095
31.134548,121.39095
31.134548,121.39095
31.134548,121.39095
31.134548,121.39095
31.134548,121.39095
31.134548,121.39095
31.134548,121.39095
31.134548,121.39095
31.134548,121.39095
31.134548,121.39095
31.177067,121.370844
31.177067,121.370844
31.177067,121.370844
31.177067,121.370844
31.251358,121.485526
31.251358,121.485526
31.134548,121.39095
31.134548,121.39095
31.134548,121.39095
31.186628,121.372116
31.186628,121.372116
31.186628,121.372116
31.186628,121.372116
31.182122,121.377455
31.177067,121.370844
31.177067,121.370844
